0 9
1 9
2 19
3 8
4 11
5 6
6 6
7 6
8 4
9 8
10 4
11 6
12 5
13 6
14 4
15 4
16 4
17 15
18 8
19 6
20 7
21 7
22 7
23 7
24 7
25 6
26 8
27 10
28 6
29 4
30 8
31 4
32 9
33 9
34 13
35 2
36 6
37 12
38 11
39 8
40 6
41 7
42 4
43 5
44 8
45 9
46 10
47 4
48 9
49 5
50 22
51 1
52 7
53 10
54 8
55 6
56 6
57 8
58 10
59 8
60 5
61 3
62 5
63 21
64 7
65 4
66 3
67 4
68 3
69 7
70 9
71 8
72 8
73 8
74 3
75 7
76 4
77 8
78 16
79 7
80 5
81 2
82 8
83 7
84 5
85 4
86 3
87 17
88 8
89 7
90 7
91 10
92 2
93 10
94 9
95 8
96 6
97 5
98 8
99 9
100 7
101 9
102 10
103 15
104 6
105 6
106 4
107 6
108 5
109 9
110 13
111 10
112 5
113 5
114 4
115 9
116 10
117 10
118 7
119 7
120 3
121 9
122 9
123 6
124 2
125 7
126 5
127 2
128 5
129 5
130 11
131 9
132 4
133 1
134 4
135 7
136 7
137 6
138 8
139 7
140 8
141 4
142 3
143 10
144 6
145 9
146 8
147 7
148 9
149 7
150 8
151 4
152 6
153 9
154 5
155 3
156 10
157 6
158 9
159 7
160 10
161 9
162 7
163 6
164 3
165 10
166 6
167 6
168 6
169 4
170 4
171 2
172 7
173 7
174 4
175 4
176 7
177 4
178 7
179 8
180 7
181 7
182 8
183 7
184 9
185 4
186 1
187 12
188 4
189 8
190 7
191 4
192 8
193 4
194 5
195 11
196 5
197 6
198 6
199 5
200 5
201 3
202 7
203 5
204 13
205 6
206 4
207 7
208 14
209 6
210 9
211 4
212 5
213 7
214 4
215 8
216 3
217 13
218 4
219 8
220 8
221 5
222 6
223 3
224 7
225 6
226 11
227 4
228 9
229 10
230 7
231 3
232 8
233 4
234 2
235 12
236 3
237 5
238 3
239 7
240 6
241 6
242 7
243 9
244 10
245 10
246 5
247 8
248 3
249 6
250 6
251 3
252 3
253 5
254 9
255 5
256 3
257 7
258 10
259 6
260 11
261 4
262 5
263 5
264 12
265 5
266 9
267 8
268 8
269 9
270 5
271 5
272 6
273 6
274 6
275 4
276 12
277 11
278 7
279 8
280 8
281 6
282 2
283 6
284 8
285 7
286 9
287 4
288 2
289 6
290 10
291 10
292 5
293 7
294 8
295 21
296 10
297 7
298 7
299 8
300 5
301 6
302 6
303 8
304 5
305 7
306 3
307 6
308 11
309 9
310 8
311 7
312 3
313 4
314 5
315 6
316 9
317 6
318 6
319 6
320 9
321 8
322 5
323 5
324 5
325 4
326 6
327 6
328 6
329 6
330 8
331 5
332 5
333 22
334 7
335 16
336 5
337 4
338 9
339 8
340 5
341 4
342 5
343 5
344 12
345 8
346 4
347 7
348 13
349 3
350 5
351 9
352 6
353 4
354 9
355 4
356 6
357 7
358 7
359 7
360 1
361 11
362 10
363 8
364 6
365 6
366 3
367 4
368 8
369 8
370 7
371 5
372 8
373 7
374 5
375 9
376 4
377 9
378 10
379 7
380 3
381 9
382 11
383 3
384 6
385 6
386 4
387 10
388 8
389 9
390 5
391 9
392 7
393 15
394 6
395 23
396 3
397 5
398 10
399 8
400 3
401 8
402 7
403 5
404 7
405 7
406 5
407 5
408 9
409 10
410 14
411 4
412 14
413 5
414 6
415 6
416 8
417 8
418 5
419 4
420 2
421 3
422 9
423 11
424 10
425 11
426 8
427 4
428 3
429 4
430 10
431 5
432 4
433 2
434 9
435 2
436 11
437 4
438 7
439 5
440 6
441 2
442 7
443 7
444 7
445 5
446 4
447 7
448 4
449 5
450 8
451 8
452 7
453 8
454 6
455 3
456 9
457 11
458 4
459 6
460 4
461 10
462 6
463 3
464 5
465 9
466 6
467 11
468 4
469 4
470 2
471 8
472 4
473 3
474 1
475 6
476 8
477 2
478 10
479 6
480 5
481 3
482 7
483 7
484 7
485 5
486 3
487 7
488 4
489 7
490 5
491 9
492 5
493 6
494 5
495 8
496 5
497 10
498 10
499 7
500 7
501 6
502 9
503 14
504 9
505 5
506 8
507 4
508 4
509 3
510 8
511 7
512 13
513 4
514 5
515 5
516 5
517 8
518 8
519 11
520 8
521 4
522 2
523 5
524 3
525 6
526 5
527 6
528 2
529 7
530 5
531 7
532 8
533 7
534 3
535 2
536 5
537 5
538 7
539 7
540 7
541 5
542 4
543 14
544 18
545 7
546 7
547 9
548 3
549 9
550 8
551 16
552 7
553 2
554 7
555 9
556 7
557 10
558 7
559 12
560 9
561 12
562 11
563 5
564 0
565 2
566 7
567 5
568 5
569 7
570 7
571 4
572 7
573 4
574 9
575 7
576 9
577 10
578 9
579 7
580 7
581 8
582 10
583 6
584 4
585 4
586 9
587 7
588 12
589 10
590 8
591 8
592 8
593 3
594 9
595 4
596 6
597 6
598 4
599 7
600 6
601 7
602 2
603 7
604 7
605 5
606 8
607 5
608 20
609 10
610 8
611 5
612 4
613 9
614 6
615 8
616 5
617 2
618 3
619 4
620 5
621 5
622 9
623 3
624 10
625 6
626 5
627 7
628 7
629 11
630 10
